01000000010000000100000001000000
01000000010000000100000001000000
01000000010000000100000001000000
01000000010000000100000001000000
01000000010000000100000001000000
01000000010000000000000000000000
00000000000000000000000000000000
00000000000000000000000000000000
00000000000000000000000000000000
00000000000000000000000000000000
00000000000000000000000000000000
00000000000000000000000000000000
0000000000000000C5FFFF007E2CB200
37596400F0851600A9B2C80062DF7A00
1B0C2D00D438DF008D65910046924300
FFBEF500B8EBA70071185A002A450C00
371BE009C9E700055CB22000EF8D400E
C724870080513900397EEB00F2AA9D00
00000000000000000000000000000000
00000000000000000096
